1000
190.47755308071874
-357.99947181105244
519.3578269803456
825.9367064531366
-378.840075620614
-977.6052126061054
-836.0566139105891
684.1168158198568
-627.1423784152412
477.4527928140408
428.3964622853671
537.9073768385788
516.3998735396603
137.6183932492363
-520.0406899889574
-638.261551919403
-281.1047401474822
233.25932828370605
638.3147234773935
317.5046759394945
680.510416308045
-381.5723951657051
-345.1664832387264
832.3374445039722
-142.20777108321545
671.6000386419473
-249.35657975950835
-197.52881028527815
-494.1256941326322
999.029955867275
0.8188016458469747
-228.3015755113513
721.5816597815999
553.783161527595
775.4730715641799
266.3428314041173
-681.6952343188316
160.99934467630737
591.5852700056998
-118.37797593799235
-397.76500065301286
412.7813100971423
-481.08652078600426
-175.07463812151582
-792.5677294659299
-130.1243892393444
738.583560609695
-845.0563546806393
537.5696380801921
693.4145318962546
346.1363133554396
310.4468381824463
457.32697555099776
611.8064141207219
46.04181687939263
-363.08783167949696
525.7201608061123
185.31369175657323
888.2126003800317
486.0357667065275
908.8502591424394
-825.904652283106
-324.83041507877215
-28.861493068402183
76.785021928692
61.5133052820172
-484.17104458112647
208.63151264504904
123.05698227702806
-759.9430052640637
306.5358679709552
933.8168100797907
-473.5481615589383
836.062229771142
490.7543984421145
-33.25660003478288
505.9102131828215
-267.33409666076
-247.60549661686775
-123.7133288369206
-386.5969328048109
931.6429494923095
599.0578577777092
-339.74860876705554
-203.81856583206388
-943.1166326602291
517.8065205282433
-210.90791876366177
795.7306628463843
568.5564652265325
122.97910378967322
-151.36311434222205
150.4815478826581
-832.7591110201708
-280.55309895893004
72.21086549847519
-59.80725539179855
-986.8134652673992
-131.6022251788827
458.7159949588561
271.7410556404054
123.35986715144827
477.5370082079421
-483.0199812560352
290.8246730404235
800.9161625005513
-465.55494220881303
-575.8470635712212
-138.4891291297971
208.92383500392611
-61.05020191245899
316.7332755832913
-958.3675395581563
75.18555327470494
-772.4697891289627
-202.01741343085212
940.4993526899057
-953.5104093816427
-223.97713572858027
125.28915928677225
932.8785460807565
-312.4895942823698
456.1597973172952
-743.1944234219422
-586.6226481032884
-255.99983258947748
702.0836463766877
-353.79085732442354
899.4409874527835
471.499349318477
-547.9402646621303
-872.2784314592138
-451.60825898913765
582.7036120741286
469.5489503533497
13.509391885421223
-7.398033322995275
-925.3860069616003
908.3845594069855
-396.0566671752641
778.0127391717103
-932.6151120146877
-697.3012273762547
141.16343245808366
-30.975527824688584
-769.7983777526547
-263.35060876721377
461.6673496118508
935.0202536491422
490.81429248344557
113.18686572568663
461.7087442770894
726.0698631668818
802.0595553546596
-540.85913108129
431.4644590887997
-530.0099359356359
913.6039915758745
371.4963905747311
-714.8276337445366
-938.7122463316513
494.348056419931
-421.06222852098176
-521.3125867982569
992.6545113512798
-870.5126050072643
-193.65497399173387
56.90635315330519
-986.1072517412217
573.4155788387984
767.4938877024158
-158.93149577006386
138.3235630922652
-636.2476966121858
47.59391858343179
-825.8118585387542
754.6699649380746
-898.7538187706206
-810.1345856252162
-952.6286534885758
-714.6198377931103
178.89335818143218
-187.07588255429687
326.39596223759577
427.52744287017686
661.6498466616886
62.29262821214843
323.8158649135303
267.2853217831678
811.508322365552
565.364664539386
587.5138176801158
633.725367372562
-52.79033797125396
699.4135266478386
624.6315747126714
-293.4543427144239
132.69013675991187
-214.68370459943537
381.3819461037772
-77.51438292385342
-204.28176889175484
-134.77346235064397
-950.3964361449915
-308.1061908885805
-244.28954596639358
-625.1925411426242
-878.8714369280904
-634.6114677936743
-106.98018253020552
-745.4243288975404
-887.5477089838597
248.55138863682396
-532.5868222675349
20.100801439566453
197.21357109669816
-476.4928180002337
-412.63204313526194
-954.8216764488297
264.0121232408844
-952.5996576860618
677.8178409836378
16.66538745425305
-412.08619805032833
-110.68700838107202
-342.83925131037995
98.25039570081913
-387.97415906695073
987.1617878617897
-305.89077006614446
492.21488464933714
174.29794873691662
-227.6820538547977
-781.989151805804
-525.3886707664375
-991.2126233539991
764.3032111015891
-783.9895645371291
187.60427329564573
715.4052986422153
-212.20175576990744
-749.3324902301335
-355.1113409096238
-175.46648018203712
-893.5276481237054
919.4680771326346
651.6563109954279
-272.6851614044816
906.6840777352952
-109.70509008652903
42.86336087832683
315.7671605080068
-766.7827869482984
-636.5436276826674
-328.32448075276193
-390.7188308734926
143.04596900227762
-599.2612569978728
-448.3692637306232
-412.2659647425854
-120.08280610028919
-508.7467792835294
-538.1924174508117
-708.202884033486
-130.50518257296483
-407.21139502676124
-432.8677013208164
-480.79951792362215
939.3694665734861
-996.8217700428805
771.3402449998364
-307.5285301343696
74.93766764836118
-72.60200672790677
-470.56555699253465
480.9006125007129
660.0053143296752
-435.7111037617567
995.4567070969222
-460.86079725191166
661.0223332295848
64.08122946658455
380.70830392366133
131.9232357232595
721.3885927610086
863.9291461689872
461.9746685597361
-889.9023377836211
208.57304406358162
-9.911534774769166
-876.2919830775253
-402.55524971573254
-907.4294692125015
818.0153498434217
58.85168608881986
-356.6089215013692
-180.16570034625272
-424.56354976971375
-786.6358957908824
-313.9670417022702
-538.8837580369391
-981.8759241203883
-921.3356592235775
329.98107538623526
188.16917414325462
-989.3843523335737
448.9776538424594
-253.50010144912267
234.05707462241548
12.763481792498169
-86.34452561765318
-781.9784390802517
536.9846025154159
373.27508526698034
493.81526289484304
427.91726239479135
-600.5158492061503
444.2073661401971
376.3083808553986
133.24374915072372
110.84131828167074
551.0467316357388
-157.03152344468174
-596.1077472499373
-761.4687420117693
507.50455289415686
138.82068777686482
-331.0701032582284
-389.6775305575271
-325.19324864866746
-180.0698604634432
152.00792100681247
-921.2149989766253
-764.7227246617726
-539.7557006944207
-328.0135149605636
-460.44988390114656
465.691755162381
-971.0740119674255
494.0794590028927
-46.49739424751772
611.4693925051022
861.1786642114671
-207.9805029208319
-855.6037425206177
-26.257364990970586
399.50732327011474
-26.71844694496133
-639.7137395253345
-28.97044934795656
-925.0551402054041
326.4641054466904
312.6978115392835
934.969888273801
3.2198427363880455
-583.5707114813846
978.9055550448686
-327.20416032798266
-799.6490529767304
42.558270284943546
470.87919230020475
454.8267845559278
988.3291533046588
-922.656512233879
-475.6483076747087
552.5275508986851
208.31317890832065
-985.6974953852704
622.1779794214024
-346.75534630142386
49.07768216920908
295.1951606130042
815.6416188422575
-690.6272429209064
-846.394026893919
-892.9164445356125
167.90977609313586
-447.36468480797976
780.6976994607048
-773.6555355816761
-122.84902424773429
-563.8640526630861
220.64441409536676
434.7225333636318
-588.1872020654091
-967.8830942574017
325.5058235402555
256.816089126791
-767.9718668602982
26.01594851166601
-158.64933538617754
417.79994282251164
-900.2051323303657
-99.07984306973015
-622.5946213146705
-719.1891158001009
275.04342928650135
-945.137669440236
-294.6967323871726
-500.0821786943215
-188.2219201802901
-407.38133974143034
-595.5983791088147
712.8499418929346
39.87904638566647
864.7537891914872
-821.0167507483512
864.5833013573433
-614.7063790443865
8.238147508315706
-670.5179538013429
-277.37462143701543
549.8324009194603
268.48690186141835
-123.34387753167107
717.5980353888469
588.2823024973802
-255.18264591986315
-914.8335665624741
399.4955592906347
721.4331842080003
-197.4875462335466
-667.3622133036843
508.36889770362905
337.9372705580338
-362.2821291362053
20.167002520485198
-622.2472044576753
-239.50235519186685
-113.8545204934494
429.212650880753
-58.20833678791291
254.1404287689154
911.6249224677958
450.7970299997728
-682.12935952671
-566.0059450467431
958.1075041360134
-488.20252740301464
-300.2281695101094
-529.873390816046
-94.52125008892881
959.3469088723359
407.25207140612406
-24.68670284520806
-51.195301763532484
-83.04599589067902
797.5694626573361
-240.69995355461037
-844.0477047859151
257.13145130564635
-968.7710141849328
890.1722195229022
-29.883226112990656
603.6191432321127
884.0886892607766
-84.45663754144346
989.3834111225237
60.89120577877429
-86.84951778855884
472.7867745220092
240.6207265562134
-797.632547822942
128.12732738307227
189.7845026013299
-693.727774608042
-224.57828097239155
656.3128045706051
-725.6753830155967
-91.76141960263442
498.1705438788797
-902.7103897948745
-782.7772025437673
-822.9148573299171
-957.1268363829856
693.539935111852
-193.87877206625421
407.38350401315256
358.4834852823899
83.5901674818831
-124.469472696656
983.1338410928304
143.45368666207105
-131.06566369294012
55.20859670638083
-623.0033563702806
616.6541301001466
-963.1638301595484
-531.4790104692537
-603.9422616279085
-705.8844464831657
92.14426151511702
426.86000704188564
-918.1642883170857
-462.2425790263562
-487.13953328635637
234.84472478126372
508.75446678827143
822.0263065459476
-508.42114951372275
150.953987071852
-955.9023588050777
845.9064868973585
812.145321526674
337.75390520250085
740.8992867266502
-286.7477425778708
-625.3681486895883
-98.48652549731014
177.9546426449374
-198.61300949683482
-560.7137096820103
-552.2919785726056
785.1811588464218
276.5677784266293
-510.09840845654185
687.6015396278628
517.6937231893514
-777.6507937473011
587.4550750871956
-345.5323827995089
708.0902115879187
-853.0071161515475
424.270112405434
417.1262569631674
-690.0759025393108
384.58353042654653
-108.51448093588328
-381.0066391780671
99.90148941188545
481.6331069429111
603.7517811006305
695.4313928325239
-17.305563195694845
-168.19577919569588
-465.49472536038274
843.2166744173624
868.5017726699
304.96391062882185
-84.74019411174004
-158.07256553568402
885.5941200286841
964.6675611663027
-944.3908484224204
-362.2302950621379
-194.2405402265066
-160.42770656836478
37.14738166306529
209.3482078434722
-407.41098294225606
186.26478743666735
-782.8816947195016
-135.46112481652165
723.5008747452339
-633.6792420380771
-193.28370562041334
-732.0238715830133
274.6641545286261
64.68564746914035
518.9825673361565
-545.5807459247492
-732.4670316122173
-851.5110839094906
792.0512133792993
-834.7837468623753
-29.6302352264737
748.9949412130877
-294.74613759409124
118.1284149873336
-543.0988529167205
-47.549741097867354
888.3901683441254
-32.999612185030855
940.137078749992
-856.581441682391
927.4143113043272
-969.8539670832287
-949.2511188698278
-710.9436891971603
529.9164649111999
-791.7479174334832
-769.0525802289892
-172.85911686304132
699.7824210625661
-65.97621175953282
-869.4936625578384
668.7705636789008
-799.5904433956897
140.28668685378761
123.86976623175906
784.399090846711
81.83977518566871
-102.19174771257929
-608.7623266998489
-509.3424573062924
-291.08908237054186
-269.97577828319777
374.7098162779864
178.26142962845984
693.2219613136813
-970.5442488012009
-155.33934681429696
-793.0306884535803
281.5698755931908
-642.5278076364625
-259.67776288196603
596.9461928263174
519.4810612354624
-105.80094419826992
598.3555445334678
580.7923386894315
93.3385443150703
515.1392012413983
-157.3460474581741
-952.9208708931396
308.7646833114295
119.63804437520366
63.57356408173496
-547.5816578581705
452.77930774565834
-248.5131005888694
373.71375010192696
413.74567082752037
-754.622319880349
-605.196277131352
440.61294834531463
191.8931783385724
-149.87683752314138
551.0546042174799
162.51375448481372
688.2084801853323
660.1712469781762
-322.4587137821791
-657.0642823040323
379.482721232411
-86.36867648095017
-705.0751144189127
-917.4154512345689
526.2408676818777
484.3324438922027
744.6076487456025
835.3649095036717
-91.98704716779366
-749.3935848954143
397.46662871793455
497.4203699601153
767.127751405249
-522.2368547480969
308.2109180153948
-987.5616650461636
-564.1322810980957
433.2507687564587
799.7373727479078
950.5287501211435
264.9026663615248
251.6225206033041
-977.5088511578458
-188.26330356505116
425.17471981408085
784.9782051135899
-531.0091757842301
61.718674341283304
547.078041337212
193.28295844186596
-635.0730346298834
445.0994329266864
534.7657946579327
279.9891817909602
-722.9251995836621
-684.3878912693622
782.5546380688936
177.87701046856523
126.38052400774154
999.9314952072659
276.8087439188598
610.9219889009325
-494.58161098011954
-624.7648083404888
80.19236346839853
877.7710709571113
921.8512809167503
975.4958861951452
-443.55837318688816
-254.9336842041057
777.8762842236538
-217.49812449160072
655.8985294257218
670.6948015467542
198.25200261948703
-477.94785773494493
589.8335012238424
314.9296545740233
127.88405344096373
631.4628150416813
611.5879535735221
472.8724580405292
521.0368915327733
148.70702789588972
-548.6409046510139
-952.6035697304264
-859.0759716418248
473.18853416877846
657.2997342653032
-834.9419995168677
819.716716865772
-821.3947090051257
538.3314883788091
776.5689089573675
-551.1851425826219
239.333212513229
-928.6093989061342
430.85463153148385
-387.8665583807399
280.7663173838523
204.9301745563016
195.20460582168766
-111.75338659904037
-908.4357904124498
54.656868004711214
804.4364417024926
-619.8797269357126
-488.23488345523083
802.454155904436
143.58328538665387
784.823584228217
-437.2661557390836
874.4016326524988
-730.234965478137
-815.5981818903841
838.9306735917799
-551.2177048474563
-976.6079442928046
219.3789590168476
392.67950418046576
864.6448599912378
570.0741865053158
600.5580811478371
468.1552185404878
647.3896275713689
841.54687095333
726.1771429402938
414.6726016578316
-561.5918408910952
-492.9088760405278
500.3434091220506
-125.77135575724799
-897.0393778866492
-420.8908849866067
129.51403056028607
623.2730449922547
949.006238525152
320.74997905480404
439.9321965825063
476.3516921227865
527.9725781728064
-765.1132104101989
261.6450347886289
261.79147426353734
-280.14609827137485
-265.7040265320376
-797.8049910260099
517.2211270895093
606.9364710405332
281.3609849275965
428.46832152702086
542.4997897332416
452.976837483553
834.9250220072845
440.67308035623296
-262.95061390783883
-432.09744983714063
-581.2126280360424
-812.3282167948689
-415.05807651336
55.570901002459095
234.5201369020083
-712.3092692580277
-2.1062725232883395
176.24309814998696
-489.8123558568881
451.5315117121363
625.3657308661402
368.22240375583215
-393.9437066786064
-146.41647560888077
254.85904527337357
-369.2225593104059
-461.7481109736042
-772.1620404003469
414.62116472436105
-633.9200280082431
-736.3104204248261
-240.7459782475056
-689.6015157323525
-213.596980202817
922.1775100925145
-318.61358639557477
-714.2081358856015
-415.8147727050183
-199.82368479907973
-76.12072636019172
4.435462720493888
-910.1447738890056
-409.3917039792674
-400.20712619185053
-75.10682892587761
-323.94493324340283
-797.0623549505218
373.3264325567077
-884.8079437797019
-67.81778702852148
900.891325388684
91.60319027620517
371.4196766050977
703.2889220842976
880.4420725143848
-8.633077932844685
-985.9215815697872
287.30898760874925
84.7787408622255
-34.706849525767666
411.5868578905645
-660.9256460874701
204.11704904472094
971.9210102003176
891.0807363883966
-773.8948617888759
563.1378940024572
387.22118628656654
-907.7736422965472
-872.9914317103346
599.604068854698
820.9183330139349
964.6554439173294
543.8135210067014
-224.93125516112423
595.7229024965782
226.38813108729778
-44.094033764942424
-669.4574890626315
-551.0651519669364
-458.7873598027843
815.5297066487094
-439.3113792027515
-321.46550815438604
465.93401813113337
-757.9513855987368
-265.82638707824356
512.7624544520154
-81.4141519010343
-979.9654978492105
-616.6616326634175
757.6120527210694
-548.8316093109653
-600.1045118789616
-281.8433310853578
-876.1658264401356
-3.8652326818529446
-500.99262574043667
-454.7871809150015
-550.4117071743251
-964.0101833719308
-835.0961879380117
-620.5393601147913
-748.3436096682751
963.279229888187
-312.7085025270686
-540.5776796019326
42.041911735077065
-410.6655741864795
252.61889999120308
-367.44684221477405
900.4424739956721
367.40227928337254
-652.371726628304
-427.3038697836997
-226.29887183254425
-706.8246882888285
-64.83290371413841
-416.8629347377148
416.10420025838425
418.37206078532904
-927.3937853431133
583.4732365654527
-714.0361720119821
-638.4356146223569
785.2737480769888
-567.2979624249883
121.01470401012807
-787.3232947739464
-705.7255934117686
892.2993640270308
-976.4273207986469
90.60323348833367
-680.2165259548702
-628.8338635747955
-869.1403573965257
118.8641667436716
886.4574175406296
53.22123200831243
456.960687626693
-815.4414359095903
334.7728781095291
805.3495084378642
-488.2031976774397
302.21390662376984
969.0906650361335
-194.47773376018904
704.3556183022713
877.0257191913329
-434.8241418043084
98.96262628600562
613.6989892124725
271.3419785214712
14.560428217343883
421.8090052190528
706.9280113179398
712.787670400658
99.05027470386744
-27.5295113228467
665.6328320157486
-498.20403071981434
-238.3645734155408
256.26792554079543
50.78878589578744
-43.70694188758125
906.6420690457433
601.212222504932
129.94679851374326
563.5594006999675
-513.702005450593
217.2555740390742
-283.6981205935672
485.5921922742141
-752.1287641958696
-379.1529713728854
-385.9158004420144
-831.8613389574402
126.9091536929293
176.63922912734097
-565.097366505333
568.6678660621365
286.6021853485538
844.2225611676033
-674.1477501350616
933.6904977886097
-191.3443244163568
87.64615697936006
-76.10368613036815
-879.4402063966487
-426.20539544531516
127.80776874123626
724.0551078231683
-947.0103179985758
-280.3649771912269
-638.5565137001834
-387.6312968125868
-642.3508816644714
-914.7426400964325
820.8078913488669
365.59168094034976
891.3519695927957
457.23995236520136
-18.272755202879353
-559.2109195883703
147.79416665040094
92.86259101654014
565.9766088388005
-634.2626134874796
-274.1218202273799
-352.0031952554781
252.91996614823393
550.1237814150024
802.3250521544915
-529.7292140209718
82.5464020657439
-527.6161934867521
-15.98346063261215
568.9826389103712
-230.97318764030206
-205.86738091841903
892.3804916472834
-475.5347439837509
371.5884793485802
647.1961616233407
48.848603201223796
445.1911917634807
-465.8509993480136
150.950398405226
134.11933800000338
-906.5282976496173
345.9746231301101
624.4923077153546
734.046465111556
995.3146397324824
-973.3354498641515
739.5772826965037
128.00310731040167
-689.7359584222054
-818.8335655294943