1000
-144475
-161825
337067
-434628
-308514
27476
218878
-33706
-114724
192796
183647
175887
314030
-259644
197753
-445546
460798
-38562
-275506
-127816
89710
227765
307128
-124966
-407946
138175
-31440
440100
329299
-499781
494711
359418
-209326
-383492
-179463
307896
144316
300972
269305
21914
394410
-441470
456325
-41673
208149
224681
-349460
-75971
390538
-470279
-139523
-163593
385732
385321
295573
-180919
-390144
-49380
355261
327467
55464
461124
-182331
-477810
188255
-443206
270541
214765
309197
455974
301934
-244729
-159363
-13605
140632
456049
151190
431714
-220255
207491
-318112
-294033
-484143
79255
118013
-192928
216754
-361079
318192
433536
239512
-220190
-240834
451126
116308
-470017
-98854
-346770
-481078
-350665
298504
-109437
57605
277813
387748
432333
354928
320405
301800
-408113
470139
361830
118216
400133
27462
228180
413146
196463
-465838
316221
353287
115585
-1741
450826
64639
224337
-462787
302927
-354257
387015
345299
-73671
-359834
-483053
-193556
-245232
232458
-426567
236933
-331185
-281870
487209
334453
-2510
439072
-274430
-43188
-308900
-60007
-342030
147586
191718
-16764
379849
-194142
-423260
-79735
153639
-27183
-55765
484706
-472988
346785
-298638
-418018
182259
-447693
-486982
354317
308697
-363991
-12018
-135990
-326343
-131027
287231
103446
-98956
400743
150239
259454
-289074
-422310
49403
489194
60767
-307014
-160244
365564
-255514
-372943
-248642
-5894
329481
473275
287723
-61842
-292106
447718
-319233
-220932
-404473
-375753
54161
-417883
-360939
72710
89727
465820
494893
-271262
298877
-79246
377883
-290748
-375365
437646
-111857
463058
-217698
-360804
384921
50118
495787
283484
401223
375316
-407862
384517
-427805
27645
-112982
-381798
-175455
366259
436127
72812
-382361
243669
326020
-71833
-291724
-18790
-104958
459999
270609
212758
-477719
-420082
194035
361020
486669
-6977
405574
53737
28337
8649
148991
-326237
499534
37962
-451354
470941
-173494
-130060
338525
458772
142764
7555
363115
63672
36004
-153228
-44947
-262154
-239184
-179916
426703
-23438
350265
74648
127028
74673
251437
-204616
-181352
426272
-461318
-65896
-352462
-334405
-395802
-305504
349567
392654
411657
-448387
-331422
207247
227902
352976
-482733
-194814
288870
-56908
492210
237303
-179998
-45164
257341
-424641
-489759
-52989
-308507
390032
-470687
-477515
-288851
407714
-432301
-404369
374435
-100130
392898
-92068
-488871
-13951
110259
-346254
-278601
-191468
-445103
69369
-489935
100132
-138408
460996
330453
-46678
13936
-63980
-244106
-120412
438151
148739
214375
293476
118083
26929
-204135
409496
-215502
-492549
-179440
377079
-338959
-63996
275410
-420465
475929
-181080
499854
104669
444464
-25591
169261
140110
28531
-199186
-431612
13365
394410
-372582
-228387
344614
-233808
-328648
50047
204648
-36030
175649
95608
-111691
453327
-428296
349171
-340746
-318546
-386123
243835
107938
-274042
324406
-188079
207092
-11659
-288125
-494646
-263411
400610
-64142
-119494
-29926
-67950
-292959
462158
-375671
-92473
151289
27869
194197
22165
32398
440876
372624
-107098
105177
-386255
-385395
387082
-458659
-283889
350543
1372
161907
251474
11544
52366
-165602
229687
15396
-257077
-488413
-377039
403877
-52491
-96210
241628
351676
329739
-99147
-254264
-358605
-218233
254281
22104
-358934
273
237419
59986
461794
-277393
-158138
-486031
403772
182260
190780
135637
157916
-362303
-227260
-351362
408620
378490
456663
-16781
228
-285696
65541
223150
-30187
64153
-474238
-284315
-498170
193335
63601
58724
115755
482298
-431826
302141
-488316
119484
104901
-335354
283327
-443563
56732
16478
101758
-438106
-372726
-285285
-66891
417237
-496264
-433979
-290892
252343
-490105
88396
434324
-298250
-184545
-435242
239964
224002
-149968
-335184
-302995
-316136
-251163
145083
479721
-359304
293448
-9217
141901
-51668
-63729
259054
474054
96186
-84167
-322224
415396
79574
-440418
-213860
-341210
-308098
334603
-140948
-211608
-53788
-147811
359290
384879
-421786
-467611
-327018
-335799
404818
279179
-290615
29863
-100575
225864
-203007
-487067
257138
-341799
-4052
214067
-415606
-431045
411675
-133289
-241202
-65955
-377751
21977
-465726
-442008
-73917
-266838
161158
-63832
-306274
248712
-428924
33690
467405
-470302
-293878
337225
42430
-30248
-297581
-430017
152192
492026
184722
-389886
-372380
220036
-312820
-238540
-29742
494286
478510
412081
-79584
244901
-430611
-155005
-33419
413990
-95268
-234321
239474
313672
-329152
-157196
-467593
-164445
-364134
-267658
3064
125462
-217900
160960
184470
-260870
-412851
-281072
-311273
140817
398280
483101
-312710
-81222
86220
-196761
-114102
-132721
139057
105201
186198
467761
-389903
237285
-381219
-13982
-359387
-179706
-375409
-230304
-425767
-141836
140790
427453
-180686
93821
74794
-309687
-157974
404031
351428
-168475
-372493
178233
202418
-45459
190674
-399493
-436273
-464146
113621
-489364
87953
-279532
449687
-379790
360518
-273726
391894
-106521
-337818
344981
-447737
476626
299194
-175047
-71471
472020
272177
288420
-44503
-373395
-71680
-264313
407638
-92243
210079
-373802
186010
-63758
474411
185084
-2808
484340
-131495
162229
-363224
-484949
-499213
-164558
37399
-178446
-242620
464168
335646
399663
-16040
394674
200238
14599
-257363
-450790
494263
-426367
64246
50317
207856
-419043
48073
121306
-37967
304131
-54215
120143
-196140
-101321
196252
149102
56814
-231031
-177431
82677
321332
-225114
-256362
-401312
-186850
-3259
312501
-438676
-230746
-130641
328650
-40331
289758
146580
482909
46230
80667
-1106
-377864
-144565
-277660
376161
441175
340860
299232
-455351
-91737
344978
481128
-376911
-368921
-389015
468770
-435919
257878
-106818
470638
-213519
-271444
207794
14726
-330162
-9992
411932
-59762
73968
-334315
-271592
-183934
-26534
200383
243536
204693
-116334
-287451
-88410
-332964
-330800
34499
350485
-103646
278168
-421303
413975
-250595
-324007
434339
-323774
-446315
-219023
-235481
-191775
-110962
-166612
-39590
164815
-385006
-221223
-484475
221245
385951
-489585
107433
275257
94467
-24750
-240998
-333871
-158789
-8581
188545
486596
102489
-312313
479048
-85272
-409386
300295
107967
299053
48880
-107885
471822
-107615
-466631
-414809
-104029
-253242
12568
244683
276570
-208495
18946
-15442
-151915
-78357
152421
-207466
431547
337916
-390227
-312997
22567
-21924
371271
-276404
-244788
-219512
232285
340011
350358
-230524
-204816
-177665
145734
497167
-279731
-167896
285756
245136
-112032
456305
29676
19328
84143
-269787
-14171
17472
-444399
-366541
54646
-70943
362202
-412556
401967
59241
198572
25182
187526
174234
144177
-281690
-118415
-317252
359216
231979
-488028
-478416
493698
112589
-339031
-304777
-285526
282777
-411211
450508
-225216
-171475
-218775
314271
-57563
-481437
-160025
-370838
318250
-222402
-31497
162736
482601
-196520
-207154
103131
-276474
341768
-483062
-92815
-438228
380529
10626
-203957
391086
-446519
-89100
-54764
-169621
262389
-25930
-257000
-482177
171144
-6274
57383
309454
-493902
380093
-25343
255361
-225035
-477852
227832
-402700
318933
14371
21515
87594
148454
-279079
-384347
-186233
-377334
-191480
329653
-93856
432565
261323
5576
-284551
20073
-124104
-480377
-154636
-321932
-111053
255122
58156
271331
-379763
497739
-335737
454571
452707
429284
266112
-312609
-462647
-36922
363790
46092
-289126
166450
-493039
-107541
-26402
44371
475289
88298
381423
-426569
35489