1000
59
34
48
83
17
26
84
85
78
86
70
8
22
25
55
20
82
33
96
83
50
93
45
54
2
25
4
61
0
12
22
0
13
40
17
33
1
77
22
13
72
80
83
83
35
89
22
92
57
68
66
91
82
77
55
4
65
14
19
24
67
5
0
15
79
33
50
78
47
74
37
36
95
24
49
17
54
14
10
58
12
93
35
37
0
38
44
56
34
81
72
81
13
6
65
31
57
35
26
76
66
21
87
32
50
65
23
9
20
43
57
76
88
2
62
53
72
48
49
40
75
11
90
38
67
15
54
51
70
96
87
66
58
52
18
61
7
15
19
33
72
59
91
9
72
68
29
1
84
28
66
80
80
39
8
57
61
18
88
3
14
28
63
1
98
90
49
63
12
2
97
81
27
59
45
60
21
5
56
47
8
2
59
63
48
70
100
31
58
43
79
97
25
58
91
82
37
7
79
39
2
86
13
67
45
22
46
62
48
62
30
27
11
4
9
74
95
91
97
17
57
74
6
37
2
8
98
45
41
31
20
75
69
13
4
77
6
76
67
24
14
73
47
16
85
26
73
95
84
12
59
98
43
9
72
46
8
96
12
39
16
65
75
30
49
71
71
51
30
20
59
7
63
64
76
21
87
17
24
23
24
81
43
83
38
90
50
63
24
28
75
90
30
99
61
27
33
28
78
25
34
21
10
53
34
23
42
72
62
92
58
70
32
68
3
88
74
37
88
88
73
94
99
27
54
91
55
2
11
28
42
77
71
73
55
87
21
75
69
59
77
92
5
61
86
96
17
38
13
37
76
18
46
2
20
51
5
60
54
47
27
36
49
69
51
98
34
58
69
86
57
17
95
92
46
7
70
78
71
19
38
22
60
81
39
70
34
77
59
35
42
93
42
25
16
32
74
29
51
36
76
64
57
51
95
34
83
78
13
88
90
44
73
70
44
58
10
12
16
63
100
74
3
34
24
94
69
72
2
63
16
45
5
90
78
77
62
28
67
15
66
25
55
62
56
74
26
84
71
88
48
98
90
82
67
35
19
39
25
17
63
86
41
33
24
0
31
63
51
30
73
64
25
67
50
23
72
98
53
20
82
91
18
97
54
50
13
50
100
26
46
94
59
64
37
66
23
67
27
18
66
18
24
14
18
75
50
90
37
47
65
93
71
82
53
15
60
58
66
95
99
73
96
89
64
10
24
38
82
45
83
85
78
30
13
0
11
26
13
67
52
31
21
41
9
77
60
11
24
11
10
62
72
52
71
73
6
27
17
32
73
44
19
92
41
13
17
13
53
18
93
42
32
22
43
24
7
92
71
97
65
84
90
96
18
43
83
73
20
25
18
37
19
1
61
88
36
71
14
47
35
43
76
13
46
54
67
93
26
56
1
71
37
28
23
71
10
9
66
70
88
65
23
19
83
45
95
81
9
85
80
45
52
59
62
22
68
63
98
70
89
90
83
10
52
61
97
6
88
58
4
29
41
54
48
15
10
61
23
75
98
41
32
37
94
99
74
27
82
52
40
73
62
64
66
69
0
89
76
58
98
40
83
53
20
14
76
22
25
27
69
25
100
76
100
6
89
61
20
78
28
73
24
89
42
51
67
54
76
44
82
78
50
26
54
73
1
48
49
98
83
100
6
76
55
48
3
48
83
64
81
19
95
45
45
37
54
55
14
84
49
69
15
6
28
33
77
37
26
71
20
51
93
5
24
83
28
18
79
50
4
10
34
57
76
38
25
44
57
44
81
4
17
15
4
94
81
81
56
73
79
67
16
65
44
52
19
6
96
63
10
96
3
69
12
3
64
40
24
76
33
0
78
29
41
47
60
94
38
32
87
1
8
13
26
56
31
19
74
13
7
76
75
61
5
44
51
95
2
70
38
79
83
53
84
34
4
21
85
47
53
11
80
91
88
73
89
75
8
33
55
93
35
99
70
76
75
58
50
27
90
3
21
78
70
74
34
46
51
29
21
40
82
26
64
29
5
74
51
67
99
6
49
22
63
98
25
24
60
12
44
2
94
64
12
81
17
54
59
59
9
94
36
42
100
13
37
47
36
44
94
16
41
8
47
16
32
1
35
4
65
7
99
11
52
29
0
92
24
58
43
28
67
35
26
30
24
91
48
43
76
10
3
73
96
65
98
88
47
51
8
90
27
25
89
74
16
51
99
97
48
10
34
66
14
94
18
92
91
91
69
4
77
42
37
85
40
23
53
39
61
78
92
42
47
100
86
51
29
35
41
14
3
53
94
88
0
45
32
5