1000
878
686
84
-102
827
842
-52
-310
305
-805
11
-518
407
316
709
982
495
-603
474
778
612
-795
290
70
469
-580
-226
275
210
-693
-459
559
670
331
906
187
497
844
-744
-902
-314
-322
639
-122
570
-371
-811
-707
-431
679
-438
491
305
-643
-463
-539
543
-696
610
-525
465
-286
610
391
976
-450
519
-515
421
770
229
22
-287
-88
46
878
-573
-493
347
-489
-281
-777
890
-267
-820
-423
-939
841
-728
-464
329
-21
-496
-423
-308
378
-59
-726
817
-492
982
-519
-726
-198
761
-465
357
-427
633
243
224
860
68
911
-366
392
-427
-620
-708
127
187
437
2
-58
-25
-152
-927
-159
-914
-204
747
-457
170
-316
807
151
119
296
-516
-213
676
-518
133
-229
116
-177
-300
-350
-912
21
296
-928
816
-452
-484
-920
-358
352
522
-242
-765
-919
-396
564
-278
-462
221
-210
-453
118
367
-525
-814
-160
-811
767
-109
-413
897
488
-703
229
905
-22
468
351
-544
-339
459
365
-646
70
-841
-800
994
407
-478
30
619
193
-649
798
-243
261
913
-252
42
767
707
-25
-106
-415
-35
979
-27
46
-732
283
-142
-120
-5
634
-879
587
-77
480
-169
268
892
-858
-863
-243
-210
771
-969
618
751
122
48
-180
-322
-914
-462
-705
819
6
-219
389
-62
791
-940
-182
764
-280
974
353
237
2
-708
497
682
-586
961
743
-94
-380
931
-445
722
566
-138
-624
-360
-104
-463
62
709
558
394
-691
709
960
-586
-55
890
-589
343
-450
992
259
-538
-119
714
683
-793
-112
849
275
-499
-10
-686
144
774
-961
-873
813
109
-339
-610
-810
992
-24
138
-95
700
-424
-650
-266
932
-308
-259
289
-244
649
-17
818
-345
-673
-763
154
-842
972
498
-194
581
692
-654
-661
145
-279
246
-441
104
-62
-498
59
-240
101
702
-749
-131
941
-222
434
56
479
-18
784
-35
-693
40
-440
962
-747
560
115
-356
-928
295
-694
55
-243
96
439
-791
-972
-277
845
-586
-60
795
623
-50
505
839
-16
-170
469
-356
306
-380
402
-908
450
769
404
-616
254
-975
53
-745
160
-110
-677
284
-581
-924
-5
-58
188
-64
382
739
-17
468
-957
471
-26
523
-397
-259
-293
-954
266
563
-859
-263
194
176
-205
-674
-272
-925
411
71
-945
88
964
781
-653
-664
291
-320
528
-783
141
779
374
-424
21
-543
-665
274
-718
-609
485
-861
-463
693
-912
861
488
-255
-477
552
484
417
1000
499
204
-184
207
601
603
-260
930
-794
-123
-519
-390
963
-840
492
857
728
701
-877
-302
899
19
295
-462
856
42
687
-974
-218
778
734
517
-377
523
307
-948
606
-790
-994
-249
-498
538
782
-562
180
-473
-887
290
106
-282
-749
-303
763
287
30
611
-441
268
-645
-728
-407
571
-924
512
378
-429
-138
-192
-65
-233
-467
542
84
807
108
569
-491
71
837
877
-314
-844
508
101
10
-805
961
-611
-936
322
477
-356
204
-317
205
984
97
590
-880
327
-564
241
445
-9
-471
-756
-816
159
-8
69
-53
587
-881
-757
-890
489
-537
-989
549
762
437
-15
-427
-837
630
-37
-483
34
-282
955
876
-106
717
453
460
227
128
801
-9
211
149
-787
979
-904
-679
-942
-549
535
-965
-364
-634
664
-808
332
161
-384
694
-311
-270
-448
-108
-432
60
-183
826
557
850
-13
-262
-384
-79
-224
-240
-658
-858
612
-658
318
-565
100
-34
29
56
-428
-513
-149
874
984
625
747
246
200
954
425
782
181
785
773
-757
637
-322
-78
924
77
-608
546
872
-438
353
-378
-564
-214
828
-333
-372
553
-207
321
-739
-942
-676
209
-659
-896
-999
-429
181
-631
-218
-416
-739
-589
-929
-346
-779
296
653
603
926
-604
827
730
926
-165
-611
133
633
373
817
-68
980
-58
-96
694
-299
7
132
756
-418
-231
-237
426
434
952
565
565
-49
776
355
-743
31
-728
-605
-666
763
23
-291
-876
786
-340
949
705
-326
674
925
951
-53
228
-343
-791
873
298
861
153
-645
733
-226
513
426
-976
-616
976
-856
-544
890
758
-541
-127
298
-851
-539
-100
-55
118
908
-59
-840
-884
-881
18
293
227
865
-826
-573
762
569
517
776
715
212
-971
555
901
871
411
947
-385
278
346
553
-140
707
922
440
908
696
-756
158
756
-18
-646
-156
-987
501
-119
32
-770
884
684
984
436
503
-646
549
-49
-867
-635
-509
-690
82
153
506
506
-597
492
-74
478
55
-239
-697
-996
-593
523
901
-5
-434
62
-922
-581
124
5
-949
-801
193
970
-590
-153
157
-34
-738
95
187
-135
-723
911
-823
779
-857
112
230
-949
569
-924
151
-980
800
-794
572
-450
-682
-608
137
576
758
-616
711
252
-259
154
637
-555
634
170
-919
822
-537
-130
744
70
-221
-925
-695
156
-508
-759
-74
782
-756
-617
-971
850
-546
-615
572
-317
816
861
554
-475
912
575
-106
182
575
-612
929
-721
463
118
-17
-257
-533
5
-666
834
-685
290
-785
17
265
222
-831
-607
908
-289
553
-897
-619
545
-214
-957
-595
-907
383
-42
-136
964
894
-64
-894
-137
715
856
-210
436
-259
674
-623
936
-931
239
421
-369
901
-38
466
45
-268
126
274
284
-974
870
-920
98
161
412
632
841
-371
309